150011
209173
560261
406933
412908
115032
464426
444404
575424
498989
363299
464426
262946
58094
141441
464426
56162
363299
498989
464426
304076
575424
302569
575424
464426
56162
141441
464426
359344
363299
439271
41252
240218
235556
539779
508285
235556
41252
539779
41252
539779
464426
150377
41252
115032
150377
209786
115032
288441
539779
464426
406512
150011
97745
406512
293529
10850
560261
412908
115032
464426
444404
575424
498989
363299
464426
150011
363299
540655
304076
575424
375606
464426
302569
58094
216924
464426
59844
502496
141441
589640
464426
216924
464426
56162
58094
439271
41252
240218
235556
539779
508285
235556
41252
539779
41252
539779
464426
150377
41252
115032
150377
209786
115032
303899
508285
464426
406512
150011
97745
150011
209173
560261
406933
412908
115032
464426
502496
67527
58094
363299
498989
464426
59844
502496
141441
589640
439271
41252
240218
235556
539779
508285
235556
41252
539779
41252
539779
464426
150377
41252
115032
150377
209786
115032
508285
41252
464426
406512
150011
97745
406512
293529
10850
560261
412908
115032
464426
575424
216924
141441
464426
262946
58094
502496
141441
540655
575424
464426
502496
589640
359344
502496
56162
363299
540655
56162
141441
464426
363299
464426
302569
502496
464426
182432
502496
141441
436565
56162
363299
439271
41252
240218
235556
539779
508285
235556
41252
539779
41252
539779
464426
150377
41252
115032
41252
539779
115032
539779
7244
464426
406512
150011
97745
